BARKSTON_HEATH 1996 12 16 0950 6.0
BARKSTON_HEATH 2009 04 09 0750 10.0
BARKSTON_HEATH 2010 04 26 1450 17.0
BARKSTON_HEATH 2010 08 02 1350 20.0
BARKSTON_HEATH 2013 05 15 0850 9.0
SCAMPTON 1973 01 04 1600 9.0
SCAMPTON 1973 01 11 0700 2.0
SCAMPTON 1973 01 15 1400 7.0
SCAMPTON 1973 01 22 0800 2.0
SCAMPTON 1973 01 29 0300 8.0
SCAMPTON 1973 02 02 1800 9.0
SCAMPTON 1973 02 09 0600 3.0
SCAMPTON 1973 02 15 2100 1.0
SCAMPTON 1973 02 22 1100 4.0
SCAMPTON 1973 03 01 0600 6.0
SCAMPTON 1973 03 07 2000 5.0
SCAMPTON 1973 03 14 1100 6.0
SCAMPTON 1973 03 20 2300 7.0
SCAMPTON 1973 03 27 1600 11.0
SCAMPTON 1973 04 02 0200 5.0
SCAMPTON 1973 04 06 1100 2.0
SCAMPTON 1973 04 12 1600 8.0
SCAMPTON 1973 04 19 0200 3.0
SCAMPTON 1973 04 29 1600 10.0
SCAMPTON 1973 05 04 0100 8.0
SCAMPTON 1973 05 10 1800 9.0
SCAMPTON 1973 05 17 0400 6.0
SCAMPTON 1973 05 23 0200 11.0
SCAMPTON 1973 05 30 1200 14.0
SCAMPTON 1973 06 05 2200 12.0
SCAMPTON 1973 06 12 1300 19.0
SCAMPTON 1973 06 19 1800 14.0
SCAMPTON 1973 06 26 2100 13.0
SCAMPTON 1973 07 03 1800 21.0
SCAMPTON 1973 07 10 1900 19.0
SCAMPTON 1973 07 17 2000 13.0
SCAMPTON 1973 07 24 1600 17.0
SCAMPTON 1973 07 31 1400 23.0
SCAMPTON 1973 08 07 0200 10.0
SCAMPTON 1973 08 13 1200 24.0
SCAMPTON 1973 08 20 1000 15.0
SCAMPTON 1973 08 27 2300 15.0
SCAMPTON 1973 09 03 1300 19.0
SCAMPTON 1973 09 08 0600 13.0
SCAMPTON 1973 09 13 2200 13.0
SCAMPTON 1973 09 18 1300 19.0
SCAMPTON 1973 09 25 1800 15.0
SCAMPTON 1973 10 02 1100 11.0
SCAMPTON 1973 10 09 0100 13.0
SCAMPTON 1973 10 15 1600 9.0
SCAMPTON 1973 10 22 1700 11.0
SCAMPTON 1973 10 29 1900 6.0
SCAMPTON 1973 11 05 1100 7.0
SCAMPTON 1973 11 11 1100 7.0
SCAMPTON 1973 11 16 0300 4.0
SCAMPTON 1973 11 23 0700 8.0
SCAMPTON 1973 11 29 0100 -2.0
SCAMPTON 1973 12 05 1900 8.0
SCAMPTON 1973 12 12 1100 4.0
SCAMPTON 1973 12 19 2200 3.0
SCAMPTON 1974 01 07 0000 3.0
SCAMPTON 1974 01 11 1200 7.0
SCAMPTON 1974 01 18 0200 9.0
SCAMPTON 1974 01 24 2000 5.0
SCAMPTON 1974 01 31 1900 5.0
SCAMPTON 1974 02 07 1100 3.0
SCAMPTON 1974 02 14 1100 4.0
SCAMPTON 1974 02 21 1000 11.0
SCAMPTON 1974 02 28 1500 2.0
SCAMPTON 1974 03 07 1200 9.0
SCAMPTON 1974 03 14 0700 2.0
SCAMPTON 1974 03 21 0900 3.0
SCAMPTON 1974 03 28 0400 5.0
SCAMPTON 1974 04 04 0300 5.0
SCAMPTON 1974 04 10 1800 15.0
SCAMPTON 1974 04 22 0300 3.0
SCAMPTON 1974 04 26 1700 7.0
SCAMPTON 1974 05 03 0800 9.0
SCAMPTON 1974 05 10 0900 13.0
SCAMPTON 1974 05 17 0100 10.0
SCAMPTON 1974 05 24 0000 7.0
SCAMPTON 1974 05 30 2100 9.0
SCAMPTON 1974 06 06 0700 9.0
SCAMPTON 1974 06 13 1600 18.0
SCAMPTON 1974 06 20 0700 14.0
SCAMPTON 1974 06 27 1300 13.0
SCAMPTON 1974 07 04 1400 15.0
SCAMPTON 1974 07 11 2000 14.0
SCAMPTON 1974 07 19 0300 9.0
SCAMPTON 1974 08 06 0000 11.0
SCAMPTON 1974 08 12 1900 16.0
SCAMPTON 1974 08 19 1000 16.0
SCAMPTON 1974 08 27 0700 10.0
SCAMPTON 1974 09 02 2300 13.0
SCAMPTON 1974 09 10 0200 9.0
SCAMPTON 1974 09 15 1600 17.0
SCAMPTON 1974 09 20 1100 13.0
SCAMPTON 1974 09 25 0200 7.0
SCAMPTON 1974 10 03 0100 6.0
SCAMPTON 1974 10 09 1500 11.0
SCAMPTON 1974 10 16 0900 8.0
SCAMPTON 1974 10 23 0300 8.0
SCAMPTON 1974 10 29 2200 3.0
SCAMPTON 1974 11 05 1200 7.0
SCAMPTON 1974 11 12 0300 3.0
SCAMPTON 1974 11 18 1500 4.0
SCAMPTON 1974 11 25 1000 7.0
SCAMPTON 1974 12 02 0200 10.0
SCAMPTON 1974 12 06 0700 8.0
SCAMPTON 1974 12 12 2200 5.0
SCAMPTON 1974 12 19 1400 9.0
SCAMPTON 1975 01 03 1300 8.0
SCAMPTON 1975 01 09 2300 7.0
SCAMPTON 1975 01 16 1300 7.0
SCAMPTON 1975 01 23 0400 3.0
SCAMPTON 1975 01 29 2100 5.0
SCAMPTON 1975 02 05 1500 3.0
SCAMPTON 1975 02 12 1000 2.0
SCAMPTON 1975 02 21 0800 1.0
SCAMPTON 1975 03 11 0200 5.0
SCAMPTON 1975 03 25 1700 8.0
SCAMPTON 1975 04 04 1800 4.0
SCAMPTON 1975 04 11 1200 9.0
SCAMPTON 1975 04 18 0400 10.0
SCAMPTON 1975 04 22 2100 11.0
SCAMPTON 1975 04 29 1300 11.0
SCAMPTON 1975 05 06 1200 11.0
SCAMPTON 1975 05 13 0500 9.0
SCAMPTON 1975 05 19 1900 15.0
SCAMPTON 1975 05 28 1500 13.0
SCAMPTON 1975 06 04 0800 9.0
SCAMPTON 1975 06 11 0500 9.0
SCAMPTON 1975 06 18 0300 9.0
SCAMPTON 1975 06 25 0300 8.0
SCAMPTON 1975 07 01 1800 21.0
SCAMPTON 1975 07 08 0900 15.0
SCAMPTON 1975 07 15 0200 16.0
SCAMPTON 1975 07 22 0300 14.0
SCAMPTON 1975 07 29 0400 15.0
SCAMPTON 1975 08 04 2100 20.0
SCAMPTON 1975 08 11 2200 20.0
SCAMPTON 1975 08 18 0900 16.0
SCAMPTON 1975 08 26 2000 22.0
SCAMPTON 1975 09 02 1300 19.0
SCAMPTON 1975 09 09 0700 15.0
SCAMPTON 1975 09 16 1200 16.0
SCAMPTON 1975 09 23 0500 12.0
SCAMPTON 1975 09 27 1000 12.0
SCAMPTON 1975 10 01 1700 13.0
SCAMPTON 1975 10 08 0600 5.0
SCAMPTON 1975 10 15 0100 9.0
SCAMPTON 1975 10 22 1200 11.0
SCAMPTON 1975 10 29 0400 4.0
SCAMPTON 1975 11 04 1800 9.0
SCAMPTON 1976 02 16 1600 1.0
SCAMPTON 1976 02 23 0400 8.0
SCAMPTON 1976 02 27 1000 8.0
SCAMPTON 1976 03 04 2100 4.0
SCAMPTON 1976 03 11 1000 5.0
SCAMPTON 1976 03 17 2100 3.0
SCAMPTON 1976 03 24 0600 0.0
SCAMPTON 1976 03 30 0000 8.0
SCAMPTON 1976 04 05 1300 11.0
SCAMPTON 1976 04 12 0700 7.0
SCAMPTON 1976 04 21 0700 6.0
SCAMPTON 1976 04 27 1900 5.0
SCAMPTON 1976 05 04 0700 8.0
SCAMPTON 1976 05 10 1800 14.0
SCAMPTON 1976 05 17 0600 9.0
SCAMPTON 1976 05 21 1000 13.0
SCAMPTON 1976 05 27 0700 10.0
SCAMPTON 1976 06 04 1200 16.0
SCAMPTON 1976 06 11 0000 14.0
SCAMPTON 1976 06 16 1700 15.0
SCAMPTON 1976 06 23 0200 17.0
SCAMPTON 1976 06 30 1700 23.0
SCAMPTON 1976 07 07 0800 19.0
SCAMPTON 1976 07 13 1900 19.0
SCAMPTON 1976 07 20 0900 18.0
SCAMPTON 1976 07 26 2100 16.0
SCAMPTON 1976 08 02 1400 17.0
SCAMPTON 1976 08 09 0100 12.0
SCAMPTON 1976 08 13 1000 19.0
SCAMPTON 1976 08 23 0300 14.0
SCAMPTON 1976 08 27 0800 14.0
SCAMPTON 1976 09 06 0200 11.0
SCAMPTON 1976 09 10 0800 9.0
SCAMPTON 1976 09 14 2000 12.0
SCAMPTON 1976 09 19 0600 9.0
SCAMPTON 1976 09 23 1500 19.0
SCAMPTON 1976 10 01 1200 16.0
SCAMPTON 1976 10 08 0200 8.0
SCAMPTON 1976 10 14 1300 11.0
SCAMPTON 1976 10 21 0300 6.0
SCAMPTON 1976 10 27 2200 9.0
SCAMPTON 1976 11 03 1400 9.0
SCAMPTON 1976 11 10 0000 3.0
SCAMPTON 1976 11 16 0700 8.0
SCAMPTON 1976 11 22 1700 3.0
SCAMPTON 1976 11 29 0100 5.0
SCAMPTON 1976 12 03 0700 0.0
SCAMPTON 1976 12 17 1600 1.0
SCAMPTON 1977 01 31 1000 2.0
SCAMPTON 1977 02 04 1600 7.0
SCAMPTON 1977 02 11 0200 5.0
SCAMPTON 1977 02 17 1400 6.0
SCAMPTON 1977 02 24 0000 4.0
SCAMPTON 1977 03 02 1000 9.0
SCAMPTON 1977 03 06 2000 8.0
SCAMPTON 1977 03 11 0200 9.0
SCAMPTON 1977 03 15 1400 10.0
SCAMPTON 1977 03 22 0100 4.0
SCAMPTON 1977 03 28 1400 5.0
SCAMPTON 1977 04 04 0000 3.0
SCAMPTON 1977 04 12 2300 12.0
SCAMPTON 1977 04 18 1500 9.0
SCAMPTON 1977 04 25 0100 5.0
SCAMPTON 1977 04 29 0500 4.0
SCAMPTON 1977 05 05 1700 9.0
SCAMPTON 1977 05 11 2100 11.0
SCAMPTON 1977 05 18 0800 9.0
SCAMPTON 1977 05 24 2200 8.0
SCAMPTON 1977 05 31 0800 11.0
SCAMPTON 1977 06 09 1600 16.0
SCAMPTON 1977 06 16 0200 9.0
SCAMPTON 1977 06 22 1400 16.0
SCAMPTON 1977 07 04 2300 15.0
SCAMPTON 1977 07 09 0400 14.0
SCAMPTON 1977 07 13 1400 14.0
SCAMPTON 1977 07 17 2100 15.0
SCAMPTON 1977 07 22 0300 12.0
SCAMPTON 1977 07 28 1400 18.0
SCAMPTON 1977 08 03 0600 14.0
SCAMPTON 1977 08 09 1800 18.0
SCAMPTON 1977 08 16 0400 15.0
SCAMPTON 1977 08 25 0800 15.0
SCAMPTON 1977 09 02 0100 17.0
SCAMPTON 1977 09 08 1000 14.0
SCAMPTON 1977 09 14 2300 13.0
SCAMPTON 1977 09 21 0900 10.0
SCAMPTON 1977 09 27 1600 20.0
SCAMPTON 1977 10 04 0200 14.0
SCAMPTON 1977 10 10 1300 14.0
SCAMPTON 1977 10 14 1800 13.0
SCAMPTON 1977 10 20 2300 15.0
SCAMPTON 1977 10 25 0800 8.0
SCAMPTON 1977 11 01 1900 9.0
SCAMPTON 1977 11 08 0900 7.0
SCAMPTON 1977 11 14 2100 5.0
SCAMPTON 1977 11 21 1200 3.0
SCAMPTON 1977 11 28 0000 3.0
SCAMPTON 1977 12 02 0600 3.0
SCAMPTON 1977 12 08 1600 10.0
SCAMPTON 1977 12 15 0500 5.0
SCAMPTON 1977 12 21 1700 2.0
SCAMPTON 1978 01 04 1400 1.0
SCAMPTON 1978 01 11 0500 3.0
SCAMPTON 1978 01 17 1700 1.0
SCAMPTON 1978 01 24 0400 6.0
SCAMPTON 1978 01 30 1500 3.0
SCAMPTON 1978 02 06 2300 4.0
SCAMPTON 1978 02 13 1000 -3.0
SCAMPTON 1978 02 17 1400 0.0
SCAMPTON 1978 02 24 0300 9.0
SCAMPTON 1978 03 02 1500 8.0
SCAMPTON 1978 03 09 0200 2.0
SCAMPTON 1978 03 15 1800 7.0
SCAMPTON 1978 03 22 0500 3.0
SCAMPTON 1978 03 31 0400 2.0
SCAMPTON 1978 04 06 2000 3.0
SCAMPTON 1978 04 12 0300 1.0
SCAMPTON 1978 04 18 1700 7.0
SCAMPTON 1978 04 25 0400 4.0
SCAMPTON 1978 05 02 1400 10.0
SCAMPTON 1978 05 09 0000 7.0
SCAMPTON 1978 05 15 1300 11.0
SCAMPTON 1978 05 22 0600 9.0
SCAMPTON 1978 05 31 1700 23.0
SCAMPTON 1978 06 07 0700 13.0
SCAMPTON 1978 06 14 1900 11.0
SCAMPTON 1978 06 20 2100 15.0
SCAMPTON 1978 06 27 0800 12.0
SCAMPTON 1978 07 03 1700 11.0
SCAMPTON 1978 07 10 0300 9.0
SCAMPTON 1978 07 14 0900 13.0
SCAMPTON 1978 07 24 0000 14.0
SCAMPTON 1978 07 28 0900 19.0
SCAMPTON 1978 08 03 1500 17.0
SCAMPTON 1978 08 10 0100 11.0
SCAMPTON 1978 08 17 2200 13.0
SCAMPTON 1978 08 24 0700 13.0
SCAMPTON 1978 09 04 0300 11.0
SCAMPTON 1978 09 08 1200 20.0
SCAMPTON 1978 09 12 1800 15.0
SCAMPTON 1978 09 17 0100 12.0
SCAMPTON 1978 09 21 0700 12.0
SCAMPTON 1978 09 28 1900 14.0
SCAMPTON 1978 10 06 0400 12.0
SCAMPTON 1978 10 12 1400 23.0
SCAMPTON 1978 10 19 0100 9.0
SCAMPTON 1978 10 25 1400 16.0
SCAMPTON 1978 11 01 0100 10.0
SCAMPTON 1978 11 07 0800 7.0
SCAMPTON 1978 11 13 0600 5.0
SCAMPTON 1978 11 17 1000 11.0
SCAMPTON 1978 11 23 2100 11.0
SCAMPTON 1978 11 30 0500 -5.0
SCAMPTON 1978 12 06 1700 2.0
SCAMPTON 1978 12 13 0600 7.0
SCAMPTON 1979 01 03 0100 -3.0
SCAMPTON 1979 01 18 2300 0.0
SCAMPTON 1979 02 08 1800 1.0
SCAMPTON 1979 02 15 1100 -4.0
SCAMPTON 1979 02 22 0400 4.0
SCAMPTON 1979 02 28 1400 8.0
SCAMPTON 1979 03 08 1800 20.0
SCAMPTON 1979 03 16 1300 0.0
SCAMPTON 1979 03 26 1700 8.0
SCAMPTON 1979 04 02 1600 7.0
SCAMPTON 1979 04 09 1100 6.0
SCAMPTON 1979 04 19 2100 10.0
SCAMPTON 1979 04 26 0900 8.0
SCAMPTON 1979 05 02 2000 2.0
SCAMPTON 1979 05 10 0900 6.0
SCAMPTON 1979 05 16 1800 12.0
SCAMPTON 1979 05 23 0100 9.0
SCAMPTON 1979 05 31 1100 15.0
SCAMPTON 1979 06 07 0500 9.0
SCAMPTON 1979 06 13 1300 17.0
SCAMPTON 1979 06 19 0100 13.0
SCAMPTON 1979 06 25 1300 16.0
SCAMPTON 1979 07 01 2300 11.0
SCAMPTON 1979 07 06 0600 11.0
SCAMPTON 1979 07 10 1600 17.0
SCAMPTON 1979 07 17 0200 15.0
SCAMPTON 1979 07 22 2300 13.0
SCAMPTON 1979 07 27 0300 15.0